# unix_time, cycles_done, cur_path, paths_total, pending_total, pending_favs, map_size, unique_crashes, unique_hangs, max_depth, execs_per_sec
1621039337, 0, 0, 6, 6, 6, 0.11%, 0, 0, 1, 273.97
1621039342, 0, 0, 11, 11, 6, 0.12%, 0, 0, 2, 273.61
1621039348, 0, 0, 14, 14, 6, 0.12%, 0, 0, 2, 273.00
1621039353, 0, 0, 16, 16, 6, 0.12%, 0, 0, 2, 274.57
1621039358, 0, 0, 17, 17, 6, 0.12%, 0, 0, 2, 273.97
1621039368, 0, 0, 18, 18, 6, 0.12%, 0, 0, 2, 278.33
1621039373, 0, 0, 19, 19, 6, 0.12%, 0, 0, 2, 276.51
1621039378, 0, 0, 20, 20, 6, 0.12%, 0, 0, 2, 280.15
1621039388, 0, 0, 21, 21, 6, 0.13%, 0, 0, 2, 276.06
1621039424, 0, 0, 22, 22, 6, 0.13%, 0, 0, 2, 278.91
1621039434, 0, 1, 29, 28, 9, 0.14%, 0, 0, 2, 279.20
1621039439, 0, 1, 32, 31, 9, 0.14%, 0, 0, 2, 275.71
1621039454, 0, 1, 33, 32, 9, 0.15%, 0, 0, 2, 279.77
1621039459, 0, 1, 34, 33, 9, 0.15%, 0, 0, 2, 279.60
1621039485, 0, 1, 36, 35, 9, 0.15%, 0, 0, 2, 282.75
1621039505, 0, 1, 37, 36, 9, 0.15%, 0, 0, 2, 277.99
1621039510, 0, 1, 39, 38, 9, 0.15%, 0, 0, 2, 276.04
1621039556, 0, 1, 40, 39, 9, 0.15%, 0, 0, 2, 280.62
1621039571, 0, 2, 40, 38, 15, 0.15%, 0, 0, 2, 280.28
1621039627, 0, 3, 40, 37, 15, 0.15%, 0, 0, 2, 277.54
1621039663, 0, 3, 41, 38, 15, 0.15%, 0, 0, 2, 275.66
1621039694, 0, 3, 42, 39, 15, 0.15%, 0, 0, 2, 275.00
1621039699, 0, 3, 45, 42, 15, 0.16%, 0, 0, 2, 276.56
1621039704, 0, 3, 46, 43, 15, 0.16%, 1, 0, 2, 275.91
1621039709, 0, 3, 47, 44, 15, 0.16%, 1, 0, 2, 277.56
1621039714, 0, 3, 49, 46, 15, 0.16%, 1, 0, 2, 280.20
1621039719, 0, 3, 51, 48, 15, 0.16%, 1, 0, 2, 280.66
1621039729, 0, 3, 53, 50, 15, 0.16%, 1, 0, 2, 273.53
1621039745, 0, 3, 55, 52, 15, 0.16%, 1, 0, 2, 275.47
1621039775, 0, 3, 56, 53, 15, 0.16%, 1, 0, 2, 281.21
1621039795, 0, 3, 57, 54, 15, 0.16%, 1, 0, 2, 277.11
1621039800, 0, 3, 59, 56, 15, 0.16%, 1, 0, 2, 279.24
1621039815, 0, 6, 59, 54, 14, 0.16%, 1, 0, 2, 280.95
1621039821, 0, 11, 59, 53, 13, 0.16%, 1, 0, 2, 278.56
1621039826, 0, 14, 59, 52, 12, 0.16%, 1, 0, 2, 280.89
1621039877, 0, 20, 59, 51, 11, 0.16%, 1, 0, 2, 274.17
1621039937, 0, 22, 59, 50, 10, 0.16%, 1, 0, 2, 276.80
1621039942, 0, 22, 60, 51, 10, 0.16%, 1, 0, 3, 279.99
1621039998, 0, 23, 60, 50, 9, 0.16%, 1, 0, 3, 277.73
1621040049, 0, 24, 60, 49, 8, 0.16%, 1, 0, 3, 278.34
1621040054, 0, 24, 61, 50, 8, 0.16%, 1, 0, 3, 276.74
1621040105, 0, 26, 61, 49, 7, 0.16%, 1, 0, 3, 276.42
1621040110, 0, 26, 61, 49, 7, 0.16%, 3, 0, 3, 278.73
1621040161, 0, 30, 61, 48, 6, 0.16%, 3, 0, 3, 275.83
1621040166, 0, 30, 61, 48, 6, 0.16%, 4, 0, 3, 278.15
1621040222, 0, 31, 62, 48, 5, 0.16%, 4, 0, 3, 276.08
1621040227, 0, 31, 63, 49, 5, 0.16%, 4, 0, 3, 278.91
1621040247, 0, 31, 64, 50, 5, 0.16%, 4, 0, 3, 277.44
1621040277, 0, 32, 64, 49, 5, 0.16%, 4, 0, 3, 279.10
1621040329, 0, 35, 64, 48, 4, 0.16%, 4, 0, 3, 277.38
1621040364, 0, 35, 65, 49, 4, 0.16%, 4, 0, 3, 277.96
1621040395, 0, 44, 65, 48, 4, 0.16%, 4, 0, 3, 276.16
1621040430, 0, 51, 65, 47, 3, 0.16%, 4, 0, 3, 276.37
1621040471, 0, 53, 66, 47, 3, 0.16%, 4, 0, 3, 279.74
1621040543, 0, 62, 66, 46, 2, 0.16%, 4, 0, 3, 277.35
1621040598, 0, 64, 66, 45, 1, 0.16%, 4, 0, 3, 277.11
1621040675, 0, 65, 66, 44, 0, 0.16%, 4, 0, 3, 230.99
1621040771, 1, 7, 67, 44, 0, 0.16%, 4, 0, 3, 267.53
1621040777, 1, 10, 67, 43, 0, 0.16%, 4, 0, 3, 266.07
1621040833, 1, 10, 68, 44, 0, 0.16%, 4, 0, 3, 274.09
1621040838, 1, 12, 68, 43, 0, 0.16%, 4, 0, 3, 274.97
1621040858, 1, 13, 68, 42, 0, 0.16%, 4, 0, 3, 274.21
1621040913, 1, 15, 68, 41, 0, 0.16%, 4, 0, 3, 274.33
1621040969, 1, 20, 69, 41, 0, 0.16%, 4, 0, 3, 279.48
1621040974, 1, 24, 70, 42, 0, 0.16%, 4, 0, 3, 278.89
1621040979, 1, 46, 70, 42, 0, 0.16%, 4, 0, 3, 279.59
1621040984, 1, 46, 71, 43, 0, 0.16%, 4, 0, 3, 278.31
1621041015, 1, 46, 72, 44, 0, 0.16%, 4, 0, 3, 277.81
1621041020, 1, 46, 73, 45, 0, 0.16%, 4, 0, 3, 278.09
1621041025, 1, 46, 78, 50, 0, 0.16%, 4, 0, 3, 279.52
1621041035, 1, 46, 79, 51, 0, 0.16%, 4, 0, 3, 279.56
1621041040, 1, 46, 80, 52, 0, 0.16%, 4, 0, 3, 279.43
1621041045, 1, 46, 82, 54, 0, 0.16%, 4, 0, 3, 279.63
1621041050, 1, 46, 83, 55, 0, 0.16%, 5, 0, 3, 280.80
1621041071, 1, 46, 84, 56, 0, 0.16%, 5, 0, 3, 274.81
1621041076, 1, 46, 85, 57, 0, 0.16%, 5, 0, 3, 271.72
1621041101, 1, 46, 86, 58, 0, 0.16%, 5, 0, 3, 280.51
1621041117, 1, 46, 87, 59, 0, 0.16%, 5, 0, 3, 280.33
1621041127, 1, 46, 88, 60, 0, 0.16%, 5, 0, 3, 282.09
1621041132, 1, 46, 89, 61, 0, 0.16%, 5, 0, 3, 278.20
1621041137, 1, 52, 89, 60, 0, 0.16%, 5, 0, 3, 279.26
1621041167, 1, 52, 90, 61, 0, 0.16%, 5, 0, 3, 279.76
1621041177, 1, 66, 90, 60, 0, 0.16%, 5, 0, 3, 279.54
1621041248, 1, 66, 91, 61, 0, 0.16%, 5, 0, 4, 278.08
1621041259, 1, 70, 91, 60, 0, 0.16%, 5, 0, 4, 276.95
1621041299, 1, 76, 91, 59, 0, 0.16%, 5, 0, 4, 277.91
1621041310, 1, 76, 92, 60, 0, 0.16%, 6, 0, 4, 278.79
1621041365, 1, 76, 94, 62, 0, 0.16%, 7, 0, 4, 281.04
1621041371, 1, 76, 95, 63, 0, 0.16%, 9, 0, 4, 281.21
1621041376, 1, 76, 96, 64, 0, 0.16%, 11, 0, 4, 278.15
1621041381, 1, 76, 98, 66, 0, 0.16%, 11, 0, 4, 278.64
1621041386, 1, 76, 102, 70, 0, 0.16%, 12, 0, 4, 280.02
1621041401, 1, 76, 103, 71, 0, 0.16%, 12, 0, 4, 279.12
1621041406, 1, 76, 109, 77, 0, 0.16%, 12, 0, 4, 277.65
1621041411, 1, 76, 110, 78, 0, 0.16%, 12, 0, 4, 276.39
1621041416, 1, 76, 112, 80, 0, 0.16%, 12, 0, 4, 278.51
1621041437, 1, 76, 112, 80, 0, 0.16%, 13, 0, 4, 280.67
1621041442, 1, 76, 113, 81, 0, 0.16%, 14, 0, 4, 276.09
1621041452, 1, 76, 113, 81, 0, 0.16%, 15, 0, 4, 279.41
1621041462, 1, 76, 115, 83, 0, 0.16%, 16, 0, 4, 280.41
1621041472, 1, 76, 117, 85, 0, 0.16%, 16, 0, 4, 274.63
1621041477, 1, 76, 118, 86, 0, 0.16%, 16, 0, 4, 278.85
1621041482, 1, 93, 118, 85, 1, 0.16%, 16, 0, 4, 276.05
1621041574, 1, 93, 118, 85, 1, 0.16%, 17, 0, 4, 278.27
1621041579, 1, 97, 118, 84, 1, 0.16%, 17, 0, 4, 279.12
1621041675, 1, 97, 119, 85, 1, 0.16%, 18, 0, 5, 276.38
1621041685, 1, 97, 120, 86, 1, 0.16%, 18, 0, 5, 277.27
1621041726, 1, 97, 121, 87, 1, 0.16%, 18, 0, 5, 277.40
1621041736, 1, 97, 121, 87, 1, 0.16%, 19, 0, 5, 280.79
1621041746, 1, 97, 122, 88, 1, 0.16%, 19, 0, 5, 283.49
1621041767, 1, 97, 123, 89, 1, 0.16%, 19, 0, 5, 280.70
1621041787, 1, 119, 123, 88, 1, 0.16%, 19, 0, 5, 277.37
1621041793, 1, 119, 124, 89, 1, 0.16%, 19, 1, 6, 5.79
1621041798, 1, 119, 125, 90, 1, 0.16%, 19, 1, 6, 272.93
1621041808, 1, 119, 125, 90, 1, 0.16%, 19, 2, 6, 285.58
1621041884, 1, 119, 125, 90, 1, 0.16%, 19, 3, 6, 275.00
1621041894, 1, 123, 125, 89, 1, 0.16%, 19, 3, 6, 273.98
1621041976, 1, 123, 125, 89, 1, 0.16%, 19, 4, 6, 270.07
1621041987, 1, 124, 125, 88, 0, 0.16%, 19, 4, 6, 272.70
1621042098, 2, 2, 125, 87, 0, 0.16%, 19, 5, 6, 283.21
1621042104, 2, 18, 125, 87, 0, 0.16%, 19, 5, 6, 278.71
1621042160, 2, 26, 125, 86, 0, 0.16%, 19, 5, 6, 276.03
1621042165, 2, 39, 126, 87, 0, 0.16%, 19, 5, 6, 281.05
1621042205, 2, 39, 127, 88, 0, 0.16%, 19, 5, 6, 277.15
1621042211, 2, 39, 128, 89, 0, 0.16%, 19, 5, 6, 276.41
1621042221, 2, 39, 129, 90, 0, 0.16%, 19, 5, 6, 275.78
1621042226, 2, 39, 130, 91, 0, 0.16%, 19, 5, 6, 276.38
1621042231, 2, 39, 132, 93, 0, 0.16%, 19, 5, 6, 278.90
1621042236, 2, 39, 134, 95, 0, 0.16%, 19, 5, 6, 274.70
1621042241, 2, 39, 135, 96, 0, 0.16%, 19, 5, 6, 278.76
1621042251, 2, 39, 136, 97, 0, 0.16%, 19, 5, 6, 274.53
1621042322, 2, 40, 136, 96, 0, 0.16%, 19, 5, 6, 277.52
1621042399, 2, 48, 136, 95, 0, 0.16%, 19, 5, 6, 275.99
1621042450, 2, 53, 136, 94, 0, 0.16%, 19, 5, 6, 279.23
1621042455, 2, 54, 136, 94, 0, 0.16%, 19, 5, 6, 279.71
1621042490, 2, 57, 136, 93, 0, 0.16%, 19, 5, 6, 277.31
1621042536, 2, 58, 136, 92, 0, 0.16%, 19, 5, 6, 276.04
1621042571, 2, 61, 136, 91, 0, 0.16%, 19, 5, 6, 279.26
1621042627, 2, 69, 136, 90, 0, 0.16%, 19, 5, 6, 276.74
1621042688, 2, 69, 137, 91, 0, 0.16%, 19, 5, 6, 278.57
1621042698, 2, 69, 138, 92, 0, 0.16%, 19, 5, 6, 279.82
1621042713, 2, 71, 138, 91, 0, 0.16%, 19, 5, 6, 277.69
1621042779, 2, 73, 138, 90, 0, 0.16%, 19, 5, 6, 279.70
1621042885, 2, 74, 138, 89, 0, 0.16%, 19, 5, 6, 275.57
1621042946, 2, 83, 138, 88, 0, 0.16%, 19, 5, 6, 275.84
1621043039, 2, 89, 138, 87, 0, 0.16%, 19, 5, 6, 279.19
1621043110, 2, 95, 138, 86, 0, 0.16%, 19, 5, 6, 276.47
1621043192, 2, 95, 140, 88, 0, 0.16%, 19, 5, 6, 283.65
1621043228, 2, 95, 140, 88, 0, 0.16%, 19, 6, 6, 267.51
1621043243, 2, 95, 141, 89, 0, 0.16%, 19, 6, 6, 277.46
1621043284, 2, 95, 142, 90, 0, 0.16%, 19, 6, 6, 275.26
1621043310, 2, 98, 142, 89, 0, 0.16%, 19, 6, 6, 278.70
1621043432, 2, 98, 143, 90, 0, 0.16%, 19, 6, 6, 279.02
1621043437, 2, 98, 143, 90, 0, 0.16%, 20, 6, 6, 276.01
1621043462, 2, 102, 143, 89, 0, 0.16%, 20, 6, 6, 277.46
1621043559, 2, 104, 143, 88, 0, 0.16%, 20, 6, 6, 281.33
1621043708, 2, 104, 144, 89, 0, 0.16%, 20, 6, 6, 276.05
1621043718, 2, 104, 145, 90, 0, 0.16%, 20, 6, 6, 275.69
1621043723, 2, 104, 146, 91, 0, 0.16%, 20, 6, 6, 276.60
1621043754, 2, 104, 147, 92, 0, 0.16%, 20, 6, 6, 276.42
1621043780, 2, 104, 147, 92, 0, 0.16%, 21, 6, 6, 274.68
1621043815, 2, 144, 148, 92, 1, 0.16%, 22, 6, 6, 281.31
1621043820, 2, 144, 148, 92, 1, 0.16%, 23, 7, 6, 258.79
1621043825, 2, 144, 148, 92, 1, 0.16%, 25, 7, 6, 272.15
1621043840, 2, 144, 148, 92, 1, 0.16%, 26, 7, 6, 274.93
1621043850, 2, 144, 148, 92, 1, 0.16%, 27, 7, 6, 277.19
1621043871, 2, 144, 149, 93, 1, 0.16%, 27, 7, 6, 274.24
1621043886, 2, 144, 149, 93, 1, 0.16%, 28, 7, 6, 273.70
1621043892, 2, 144, 149, 93, 1, 0.16%, 29, 7, 6, 280.80
1621043897, 2, 147, 149, 92, 1, 0.16%, 29, 7, 6, 276.80
1621043907, 2, 147, 149, 92, 1, 0.16%, 30, 7, 6, 275.90
1621043922, 2, 147, 149, 92, 1, 0.16%, 31, 7, 6, 277.48
1621043963, 2, 148, 149, 91, 0, 0.16%, 31, 7, 6, 278.53
1621044014, 2, 148, 149, 91, 0, 0.16%, 32, 7, 6, 274.61
1621044019, 2, 148, 149, 91, 0, 0.16%, 33, 7, 6, 269.30
1621044065, 2, 148, 150, 92, 0, 0.16%, 33, 7, 7, 271.75
1621044086, 2, 149, 150, 91, 0, 0.16%, 33, 7, 7, 275.63
1621044106, 2, 149, 150, 91, 0, 0.16%, 33, 8, 7, 269.23
1621044203, 2, 149, 150, 91, 0, 0.16%, 34, 8, 7, 277.02
1621044360, 2, 149, 151, 92, 0, 0.16%, 34, 8, 8, 274.08
1621044391, 3, 15, 151, 91, 0, 0.16%, 34, 8, 8, 277.72
1621044396, 3, 17, 151, 91, 0, 0.16%, 34, 8, 8, 278.06
1621044441, 3, 18, 151, 90, 0, 0.16%, 34, 8, 8, 274.34
1621044447, 3, 27, 151, 90, 0, 0.16%, 34, 8, 8, 278.89
1621044507, 3, 33, 151, 89, 0, 0.16%, 34, 8, 8, 278.28
1621044563, 3, 43, 151, 88, 0, 0.16%, 34, 8, 8, 279.60
1621044650, 3, 44, 151, 87, 0, 0.16%, 34, 8, 8, 275.32
1621044655, 3, 45, 151, 87, 0, 0.16%, 34, 8, 8, 277.28
1621044732, 3, 59, 151, 86, 0, 0.16%, 34, 8, 8, 281.16
1621044793, 3, 60, 151, 85, 0, 0.16%, 34, 8, 8, 277.44
1621044854, 3, 67, 151, 84, 0, 0.16%, 34, 8, 8, 277.36
1621044956, 3, 81, 151, 83, 0, 0.16%, 34, 8, 8, 274.32
1621045027, 3, 84, 151, 82, 0, 0.16%, 34, 8, 8, 280.68
1621045118, 3, 85, 151, 81, 0, 0.16%, 34, 8, 8, 278.46
1621045164, 3, 103, 151, 80, 0, 0.16%, 34, 8, 8, 277.36
1621045367, 3, 103, 152, 81, 0, 0.16%, 34, 8, 8, 277.86
1621045397, 3, 108, 152, 80, 0, 0.16%, 34, 8, 8, 280.17
1621045520, 3, 108, 153, 81, 0, 0.16%, 34, 9, 8, 276.61
1621045545, 3, 109, 153, 80, 0, 0.16%, 34, 9, 8, 276.80
1621045653, 3, 114, 153, 79, 0, 0.16%, 34, 9, 8, 278.63
1621045689, 3, 114, 153, 79, 0, 0.16%, 34, 10, 8, 285.93
1621045770, 3, 114, 154, 80, 0, 0.16%, 34, 10, 8, 276.33
1621045796, 3, 117, 154, 79, 0, 0.16%, 35, 10, 8, 280.45
1621045903, 3, 123, 154, 78, 0, 0.16%, 35, 10, 8, 280.20
1621045908, 3, 129, 154, 78, 0, 0.16%, 35, 10, 8, 277.14
1621046192, 3, 129, 155, 79, 0, 0.16%, 35, 10, 8, 275.33
1621046207, 3, 129, 156, 80, 0, 0.16%, 35, 10, 8, 276.32
1621046222, 3, 130, 156, 79, 0, 0.16%, 35, 10, 8, 272.55
1621046370, 3, 134, 156, 78, 0, 0.16%, 35, 10, 8, 269.50
1621048039, 3, 135, 156, 77, 0, 0.16%, 35, 10, 8, 270.69
1621048350, 3, 143, 156, 76, 0, 0.16%, 35, 10, 8, 278.00
1621048375, 3, 143, 156, 76, 0, 0.16%, 35, 11, 8, 274.91
1621048401, 3, 143, 156, 76, 0, 0.16%, 35, 12, 8, 270.46
1621048691, 3, 143, 158, 78, 0, 0.16%, 35, 12, 8, 275.54
1621048706, 3, 143, 159, 79, 0, 0.16%, 35, 12, 8, 280.85
1621048716, 3, 143, 160, 80, 0, 0.16%, 35, 12, 8, 275.25
1621048732, 3, 143, 160, 80, 0, 0.16%, 36, 12, 8, 281.81
1621048757, 3, 143, 160, 80, 0, 0.16%, 37, 12, 8, 276.66
1621048762, 3, 143, 161, 81, 0, 0.16%, 37, 12, 8, 274.13
1621048772, 3, 143, 161, 81, 0, 0.16%, 37, 13, 8, 284.23
1621048777, 3, 144, 161, 80, 0, 0.16%, 37, 13, 8, 278.18
1621048782, 3, 146, 161, 80, 0, 0.16%, 37, 13, 8, 275.72
1621048951, 3, 146, 161, 80, 0, 0.16%, 37, 14, 8, 261.13
1621049164, 3, 150, 161, 79, 0, 0.16%, 37, 14, 8, 278.17
1621049311, 3, 150, 161, 79, 0, 0.16%, 38, 14, 8, 276.03
1621049459, 3, 153, 161, 78, 0, 0.16%, 38, 14, 8, 279.91
